image: TRR.bmp
resolution: 0.01055
origin: [-11.606540, -26.520793, 0.000000]
negate: 0
occupied_thresh: 0.65
free_thresh: 0.196

